7 2 5
y 0.00359552 0 0 0 0 
y 0 0.00377195 0 0 0 
y 0 0 3.05216 0 0 
y 0 0 0 0.156287 0 
y 0 0 0 0 0.000915921 
y 0.000286415 0 0 0 0 
y 0 0.000313351 0 0 0 
y 0 0 0.00876709 0 0 
y 0 0 0 0.0864706 0 
y 0 0 0 0 0.000147118 
y 0.00478671 0 0 0 0 
y 0 0.00996422 0 0 0 
y 0 0 0.39569 0 0 
y 0 0 0 0.0376807 0 
y 0 0 0 0 0.00129844 
y 0.000252244 0 0 0 0 
y 0 0.000282145 0 0 0 
y 0 0 0.0190354 0 0 
y 0 0 0 0.00267788 0 
y 0 0 0 0 1.36099e-05 
y 0.0060491 0 0 0 0 
y 0 0.00822964 0 0 0 
y 0 0 0.455923 0 0 
y 0 0 0 7.94909e-05 0 
y 0 0 0 0 0.00157972 
y 0.00257184 0 0 0 0 
y 0 0.00340344 0 0 0 
y 0 0 0.00541421 0 0 
y 0 0 0 5.59119e-05 0 
y 0 0 0 0 0.00180615 
y 0.0365308 0 0 0 0 
y 0 0.0543931 0 0 0 
y 0 0 0.202764 0 0 
y 0 0 0 0.00114218 0 
y 0 0 0 0 0.00149108 
y 0.0163058 0 0 0 0 
y 0 0.0238706 0 0 0 
y 0 0 0.0821643 0 0 
y 0 0 0 0.000449975 0 
y 0 0 0 0 0.000195572 
y 0.0168588 0 0 0 0 
y 0 0.0193693 0 0 0 
y 0 0 2.165 0 0 
y 0 0 0 2.88645 0 
y 0 0 0 0 0.00315936 
y 0.0199026 0 0 0 0 
y 0 0.0218022 0 0 0 
y 0 0 0.207167 0 0 
y 0 0 0 0.0381071 0 
y 0 0 0 0 0.00129138 
n 
n 
n 
n 
n 
n 
n 
n 
n 
n 
y 0.0197554 0 0 0 0 
y 0 0.0230124 0 0 0 
y 0 0 1.06839 0 0 
y 0 0 0 1.25163e-06 0 
y 0 0 0 0 0.00120046 
y 0.00429658 0 0 0 0 
y 0 0.0103404 0 0 0 
y 0 0 1.2006 0 0 
y 0 0 0 1.18354e-06 0 
y 0 0 0 0 0.00132856 
y 0.00428756 0 0 0 0 
y 0 0.00294021 0 0 0 
y 0 0 2.17498 0 0 
y 0 0 0 0.498803 0 
y 0 0 0 0 0.00316234 
y 0.00266219 0 0 0 0 
y 0 0.00641825 0 0 0 
y 0 0 0.172326 0 0 
y 0 0 0 51.1931 0 
y 0 0 0 0 0.000900368 
n 
n 
n 
n 
n 
n 
n 
n 
n 
n 
y 0.00551116 0 0 0 0 
y 0 0.00551944 0 0 0 
y 0 0 1.66188 0 0 
y 0 0 0 0.00646946 0 
y 0 0 0 0 5.81314e-05 
y 0.000848534 0 0 0 0 
y 0 0.000850165 0 0 0 
y 0 0 0.0040976 0 0 
y 0 0 0 0.000418693 0 
y 0 0 0 0 1.50431e-05 
y 0.0260866 0 0 0 0 
y 0 0.0262468 0 0 0 
y 0 0 3.26281 0 0 
y 0 0 0 0.0938618 0 
y 0 0 0 0 0.00012947 
y 0.0164142 0 0 0 0 
y 0 0.0165247 0 0 0 
y 0 0 1.4045 0 0 
y 0 0 0 0.00231641 0 
y 0 0 0 0 4.62135e-07 
y 0.0224287 0 0 0 0 
y 0 0.0555383 0 0 0 
y 0 0 3.16148 0 0 
y 0 0 0 31.8051 0 
y 0 0 0 0 0.00365724 
y 0.000625288 0 0 0 0 
y 0 0.00178724 0 0 0 
y 0 0 8.69794 0 0 
y 0 0 0 123.91 0 
y 0 0 0 0 0.00251549 
n 
n 
n 
n 
n 
n 
n 
n 
n 
n 
y 0.028564 0 0 0 0 
y 0 0.0286075 0 0 0 
y 0 0 0.178565 0 0 
y 0 0 0 1.34442e-05 0 
y 0 0 0 0 1.56189e-05 
y 0.0282178 0 0 0 0 
y 0 0.0282417 0 0 0 
y 0 0 1.57424 0 0 
y 0 0 0 0.000126786 0 
y 0 0 0 0 9.33389e-05 
y 0.0219624 0 0 0 0 
y 0 0.0290578 0 0 0 
y 0 0 0.716299 0 0 
y 0 0 0 164.947 0 
y 0 0 0 0 0.00233674 
y 0.00272843 0 0 0 0 
y 0 0.00292792 0 0 0 
y 0 0 0.21574 0 0 
y 0 0 0 1032.09 0 
y 0 0 0 0 0.000622675 
y 0.0100347 0 0 0 0 
y 0 0.010035 0 0 0 
y 0 0 0.659463 0 0 
y 0 0 0 4.08798 0 
y 0 0 0 0 5.51088e-05 
y 0.000652437 0 0 0 0 
y 0 0.000653013 0 0 0 
y 0 0 0.487888 0 0 
y 0 0 0 44.2772 0 
y 0 0 0 0 3.15816e-05 
n 
n 
n 
n 
n 
n 
n 
n 
n 
n 
y 0.0484784 0 0 0 0 
y 0 0.0487959 0 0 0 
y 0 0 0.395508 0 0 
y 0 0 0 0.495742 0 
y 0 0 0 0 6.97238e-05 
y 2.58342e-06 0 0 0 0 
y 0 2.77796e-06 0 0 0 
y 0 0 4.62944 0 0 
y 0 0 0 0.0730999 0 
y 0 0 0 0 4.62285e-07 
y 0.00511402 0 0 0 0 
y 0 0.0097381 0 0 0 
y 0 0 1.25699 0 0 
y 0 0 0 1661.32 0 
y 0 0 0 0 0.00211776 
y 0.00372917 0 0 0 0 
y 0 0.00273609 0 0 0 
y 0 0 5.05181e-05 0 0 
y 0 0 0 673.809 0 
y 0 0 0 0 0.00129012 
n 
n 
n 
n 
n 
n 
n 
n 
n 
n 
y 0.00946873 0 0 0 0 
y 0 0.00946644 0 0 0 
y 0 0 0.0152698 0 0 
y 0 0 0 0.00193209 0 
y 0 0 0 0 5.65505e-05 
y 0.0147744 0 0 0 0 
y 0 0.0148286 0 0 0 
y 0 0 2.56871 0 0 
y 0 0 0 0.00201623 0 
y 0 0 0 0 1.63983e-05 
y 0.0105214 0 0 0 0 
y 0 0.013217 0 0 0 
y 0 0 0.0690121 0 0 
y 0 0 0 31.2791 0 
y 0 0 0 0 0.000626722 
y 0.0325953 0 0 0 0 
y 0 0.0444905 0 0 0 
y 0 0 3.4157 0 0 
y 0 0 0 15.8048 0 
y 0 0 0 0 0.000873396 
y 0.0293478 0 0 0 0 
y 0 0.0295156 0 0 0 
y 0 0 3.54435 0 0 
y 0 0 0 1.48626 0 
y 0 0 0 0 0.000114051 
y 0.0293478 0 0 0 0 
y 0 0.0295156 0 0 0 
y 0 0 3.54435 0 0 
y 0 0 0 1.48626 0 
y 0 0 0 0 0.000114051 
y 0.0451541 0 0 0 0 
y 0 0.045474 0 0 0 
y 0 0 4.66965 0 0 
y 0 0 0 0.00352079 0 
y 0 0 0 0 5.83526e-05 
y 0.0451541 0 0 0 0 
y 0 0.045474 0 0 0 
y 0 0 4.66965 0 0 
y 0 0 0 0.00352079 0 
y 0 0 0 0 5.83526e-05 
n 
n 
n 
n 
n 
n 
n 
n 
n 
n 
y 0.0390333 0 0 0 0 
y 0 0.0492434 0 0 0 
y 0 0 3.38109 0 0 
y 0 0 0 58.7236 0 
y 0 0 0 0 0.00173571 
y 0.0390333 0 0 0 0 
y 0 0.0492434 0 0 0 
y 0 0 3.38109 0 0 
y 0 0 0 58.7236 0 
y 0 0 0 0 0.00173571 
n 
n 
n 
n 
n 
n 
n 
n 
n 
n 
y 0.0301347 0 0 0 0 
y 0 0.0307149 0 0 0 
y 0 0 4.28952 0 0 
y 0 0 0 0.000409487 0 
y 0 0 0 0 4.10037e-05 
y 0.0301347 0 0 0 0 
y 0 0.0307149 0 0 0 
y 0 0 4.28952 0 0 
y 0 0 0 0.000409487 0 
y 0 0 0 0 4.10037e-05 
y 0.00145347 0 0 0 0 
y 0 0.00143128 0 0 0 
y 0 0 0.00994231 0 0 
y 0 0 0 0.0640858 0 
y 0 0 0 0 0.00081454 
y 0.022576 0 0 0 0 
y 0 0.0253796 0 0 0 
y 0 0 1.10523 0 0 
y 0 0 0 0.00916564 0 
y 0 0 0 0 0.00213557 
y 0.0166553 0 0 0 0 
y 0 0.0380471 0 0 0 
y 0 0 1.32913 0 0 
y 0 0 0 0.0164514 0 
y 0 0 0 0 0.00403558 
y 0.0119877 0 0 0 0 
y 0 0.0443546 0 0 0 
y 0 0 0.022906 0 0 
y 0 0 0 0.0147055 0 
y 0 0 0 0 0.00361019 
y 0.0405349 0 0 0 0 
y 0 0.0619138 0 0 0 
y 0 0 1.15895 0 0 
y 0 0 0 9.79402e-06 0 
y 0 0 0 0 0.00274937 
y 0.000317716 0 0 0 0 
y 0 0.000632254 0 0 0 
y 0 0 0.0126052 0 0 
y 0 0 0 6.88546e-07 0 
y 0 0 0 0 9.93672e-06 
y 0.0390333 0 0 0 0 
y 0 0.0492434 0 0 0 
y 0 0 2.63473 0 0 
y 0 0 0 5.27903e-06 0 
y 0 0 0 0 0.00173571 
y 0.0390333 0 0 0 0 
y 0 0.0492434 0 0 0 
y 0 0 2.63473 0 0 
y 0 0 0 5.27903e-06 0 
y 0 0 0 0 0.00173571 
y 0.00211418 0 0 0 0 
y 0 0.00216806 0 0 0 
y 0 0 3.95472 0 0 
y 0 0 0 0.400104 0 
y 0 0 0 0 0.00248026 
y 0.00211418 0 0 0 0 
y 0 0.00216806 0 0 0 
y 0 0 3.95472 0 0 
y 0 0 0 0.400104 0 
y 0 0 0 0 0.00248026 
n 
n 
n 
n 
n 
n 
n 
n 
n 
n 
y 0.0566392 0 0 0 0 
y 0 0.0772032 0 0 0 
y 0 0 3.48056 0 0 
y 0 0 0 1.40177e-07 0 
y 0 0 0 0 0.00418344 
y 0.00127689 0 0 0 0 
y 0 0.0025591 0 0 0 
y 0 0 0.0622517 0 0 
y 0 0 0 9.3195e-10 0 
y 0 0 0 0 1.96221e-05 
n 
n 
n 
n 
n 
n 
n 
n 
n 
n 
n 
n 
n 
n 
n 
n 
n 
n 
n 
n 
n 
n 
n 
n 
n 
n 
n 
n 
n 
n 
n 
n 
n 
n 
n 
n 
n 
n 
n 
n 
n 
n 
n 
n 
n 
n 
n 
n 
n 
n 
n 
n 
n 
n 
n 
n 
n 
n 
n 
n 
y 0.0314932 0 0 0 0 
y 0 0.0325711 0 0 0 
y 0 0 0.420213 0 0 
y 0 0 0 2.97412e-07 0 
y 0 0 0 0 2.04968e-05 
y 4.74891e-05 0 0 0 0 
y 0 5.09712e-05 0 0 0 
y 0 0 0.000801959 0 0 
y 0 0 0 1.2659e-07 0 
y 0 0 0 0 6.0279e-07 
y 0.00429434 0 0 0 0 
y 0 0.0103339 0 0 0 
y 0 0 1.28672 0 0 
y 0 0 0 112832 0 
y 0 0 0 0 0.0013278 
y 0.0197601 0 0 0 0 
y 0 0.023021 0 0 0 
y 0 0 1.06795 0 0 
y 0 0 0 120768 0 
y 0 0 0 0 0.00120126 
y 0.0283392 0 0 0 0 
y 0 0.0283693 0 0 0 
y 0 0 3.04506 0 0 
y 0 0 0 17865.8 0 
y 0 0 0 0 7.42482e-05 
y 0.0283392 0 0 0 0 
y 0 0.0283693 0 0 0 
y 0 0 3.04506 0 0 
y 0 0 0 17865.8 0 
y 0 0 0 0 7.42482e-05 
y 0.0362791 0 0 0 0 
y 0 0.0363512 0 0 0 
y 0 0 5.68956 0 0 
y 0 0 0 1.91964 0 
y 0 0 0 0 8.79116e-06 
y 0.0663488 0 0 0 0 
y 0 0.0665102 0 0 0 
y 0 0 6.91622 0 0 
y 0 0 0 20.6238 0 
y 0 0 0 0 6.50422e-05 
y 0.0301347 0 0 0 0 
y 0 0.0307149 0 0 0 
y 0 0 2.53243 0 0 
y 0 0 0 529.366 0 
y 0 0 0 0 4.10037e-05 
y 0.0301347 0 0 0 0 
y 0 0.0307149 0 0 0 
y 0 0 2.53243 0 0 
y 0 0 0 529.366 0 
y 0 0 0 0 4.10037e-05 
y 0.110261 0 0 0 0 
y 0 0.137382 0 0 0 
y 0 0 2.31408 0 0 
y 0 0 0 396824 0 
y 0 0 0 0 0.00102623 
y 0.015185 0 0 0 0 
y 0 0.0242163 0 0 0 
y 0 0 3.75236 0 0 
y 0 0 0 1.31912e+06 0 
y 0 0 0 0 0.000184613 
y 0.0245725 0 0 0 0 
y 0 0.0253856 0 0 0 
y 0 0 0.371652 0 0 
y 0 0 0 33090.8 0 
y 0 0 0 0 6.97746e-05 
y 0.0245725 0 0 0 0 
y 0 0.0253856 0 0 0 
y 0 0 0.371652 0 0 
y 0 0 0 33090.8 0 
y 0 0 0 0 6.97746e-05 
y 0.00123073 0 0 0 0 
y 0 0.00123685 0 0 0 
y 0 0 0.0015377 0 0 
y 0 0 0 4.10694e-12 0 
y 0 0 0 0 2.22045e-16 
y 0.0524864 0 0 0 0 
y 0 0.0524949 0 0 0 
y 0 0 3.75107 0 0 
y 0 0 0 0.408124 0 
y 0 0 0 0 8.40062e-06 
