7 2
y 0.600249 0.598973 3.45813 1.14008 -0.0209341 
y 0.530383 0.527079 5.99211 0.846146 0.0576193 
y 0.421964 0.329404 4.86959 0.293891 -0.25114 
y 0.646711 0.567284 3.35386 0.333261 -0.310452 
y 0.481013 0.401019 4.78896 0.021519 -0.258453 
y 0.69324 0.641709 5.88126 0.0198033 -0.257206 
y 0.542165 0.459209 3.4917 0.0722631 -0.252422 
y 0.404114 0.318727 5.80379 0.0746749 -0.232296 
y 0.554014 0.545602 4.61138 3.34369 0.0598299 
y 0.51154 0.505065 3.78118 5.28839 0.0582377 
n
n
y 0.787075 0.741663 4.92306 0.00214367 -0.254884 
y 0.438411 0.317634 4.56222 0.00221074 -0.289724 
y 0.583222 0.518367 0.867611 2.79124 0.263873 
y 0.400395 0.299849 1.94067 7.87318 0.256419 
n
n
y 0.303283 0.303143 5.24095 0.1443 0.0043348 
y 0.338481 0.338454 0.0960666 0.0682335 -0.00123922 
y 0.384248 0.382017 2.18035 0.550786 0.0376812 
y 0.565861 0.563934 4.19554 0.778756 0.0454498 
y 0.540113 0.407301 2.40605 8.64401 0.298432 
y 0.592726 0.454694 2.81365 44.1661 0.375366 
n
n
y 0.423861 0.423437 0.469019 0.00967688 -0.0173041 
y 0.433511 0.433181 4.16098 0.0136656 -0.0130173 
y 0.535368 0.458976 1.76481 44.3546 0.257928 
y 0.55136 0.486246 2.24925 76.5337 0.258342 
y 0.251175 0.250895 1.79756 5.93555 -0.00925119 
y 0.334927 0.334878 2.85687 13.6102 -0.000521687 
n
n
y 0.46839 0.466753 2.61011 3.33147 0.0338117 
y 0.268846 0.266181 2.87251 3.68485 0.0377494 
y 0.475305 0.314102 1.90425 175.2 0.347149 
y 0.977064 0.925083 0.227161 116.819 0.313971 
n
n
y 0.722331 0.72212 3.26063 0.113578 -0.0158509 
y 0.307058 0.306532 2.79091 0.125986 -0.0158833 
y 0.611199 0.568192 0.661269 24.6836 0.217717 
y 0.441069 0.343663 2.75452 13.192 0.252327 
y 0.419141 0.416968 3.19584 2.22185 -0.0391737 
y 0.419141 0.416968 3.19584 2.22185 -0.0391737 
y 0.428481 0.426639 4.12867 0.305181 -0.0345992 
y 0.428481 0.426639 4.12867 0.305181 -0.0345992 
n
n
y 0.60931 0.501623 2.42874 57.4295 0.328158 
y 0.60931 0.501623 2.42874 57.4295 0.328158 
n
n
y 0.332124 0.327747 3.97336 0.0348114 -0.0476177 
y 0.332124 0.327747 3.97336 0.0348114 -0.0476177 
y 0.614713 0.61392 0.298473 0.397886 -0.0134978 
y 0.509184 0.49716 2.44837 0.306764 -0.0846198 
y 0.579077 0.4455 2.57837 0.122963 -0.333814 
y 0.48604 0.350058 5.97005 0.192357 -0.278778 
y 0.536217 0.37881 4.45176 0.00695389 -0.34627 
y 0.528219 0.409297 6.13843 0.00552277 -0.333416 
y 0.60931 0.501623 2.14314 0.0177173 -0.328158 
y 0.60931 0.501623 2.14314 0.0177173 -0.328158 
y 1.12331 1.12218 4.0235 1.16253 0 
y 1.12331 1.12218 4.0235 1.16253 0 
n
n
y 0.728152 0.641207 4.14091 0.000830096 -0.307102 
y 0.332347 0.217268 4.45558 0.000436536 -0.248892 
n
n
n
n
n
n
n
n
n
n
n
n
y 0.457643 0.446508 4.0997 0.00207606 -0.0947043 
y 0.437916 0.431075 4.60792 0.00430993 -0.0770781 
y 0.438361 0.317568 1.87692 586.823 0.289731 
y 0.787001 0.741579 1.77856 609.678 0.254889 
y 0.430666 0.430308 2.26896 147.468 0.014281 
y 0.430666 0.430308 2.26896 147.468 0.014281 
y 0.398794 0.39842 2.48452 7.10713 0.0147396 
y 0.557128 0.556632 3.1177 15.0156 0.0180476 
y 0.332124 0.327747 2.92617 40.4691 0.0476177 
y 0.332124 0.327747 2.92617 40.4691 0.0476177 
y 0.693255 0.625959 2.31308 1292.28 0.246231 
y 0.65124 0.532208 2.03011 2237.25 0.362839 
y 0.453259 0.443078 1.07104 457.471 0.0907874 
y 0.453259 0.443078 1.07104 457.471 0.0907874 
y 0.138086 0.137744 3.7118 1.16463 -0.00939692 
y 0.277276 0.277245 2.83027 1.15063 0.000522051 
