7 2 9
y 1.026729401237542 0.5340730031125069 0.2813683064054321 0.4765109127238102 0.4695927709624227 0.02047681621596742 0.5350869465400099 0.2704056288411756 0.3976194312904674 
y 0.5054032615911512 0.5688485894821459 0.2821985659453358 0.8656863471610601 2.206947203209073 0.01921992577333723 0.5614788330226661 0.1902300565973756 0.4678415958017392 
y 0.7007273024036771 0.3146232430424009 0.02241296092757866 0.4519882975589661 3.816615760769872 0.00467193760587612 0.462973246262187 0.2446285613945552 0.04706401683922325 
y 0.7007273024036771 0.3146232430424009 0.02241296092757866 0.4519882975589661 3.816615760769872 0.00467193760587612 0.462973246262187 0.2446285613945552 0.04706401683922325 
y 0.9300243026680416 0.2315407798935969 0.02430714718583557 0.2555883042514324 5.57985625664393 0.0003627026837623109 0.08272679481241438 0.1193504621171289 0.04916984981132878 
y 0.8844135403633118 0.433320164680481 0.03098865412175655 0.4555769264698029 0.3597789406776428 0.0004890781710855663 0.07335150241851807 0.1166402995586395 0.06197730824351311 
y 0.6641122877597809 0.3214076002438863 0.05813079600532849 0.4692108824849129 2.923766721288363 0.001175104729675998 0.1120784262816111 0.1189642007152239 0.1175949255625407 
y 0.6641122877597809 0.3214076002438863 0.05813079600532849 0.4692108824849129 2.923766721288363 0.001175104729675998 0.1120784262816111 0.1189642007152239 0.1175949255625407 
y 0.8104765025468973 0.3808481819354571 0.3424092892270822 0.5794176522355814 2.970622909183686 0.05166490372413626 0.4371188764388745 0.4239605928842838 0.5432801166406045 
y 0.8104765025468973 0.3808481819354571 0.3424092892270822 0.5794176522355814 2.970622909183686 0.05166490372413626 0.4371188764388745 0.4239605928842838 0.5432801166406045 
y 0.9499145746231079 0.5929471552371979 0.09954141266644001 0.5586810857057571 0.6440175324678421 0.01894201152026653 0.3458290696144104 0.3148368671536446 0.19908282533288 
y 1.017850995063782 0.5656957626342773 0.101416103541851 0.5072658658027649 0.4019815921783447 0.01978074759244919 0.3357020616531372 0.3209079802036285 0.2028322070837021 
y 0.6477142431157812 0.271303287249022 0.008670124309568138 0.4978987285073122 3.911199259323352 4.041345648967607e-05 0.09355361446782796 0.1231745972830417 0.01517533852692216 
y 0.8914765965307413 0.194159220664546 0.009302691573492472 0.2179796399892791 5.32053454551466 4.909891776108053e-05 0.1367274389809037 0.08046261465175693 0.01860538314663832 
