7 2 9
y 0.008405223667698457 0 0 0 0 0 0 0 0 
y 0 0.01099160762691936 0 0 0 0 0 0 0 
y 0 0 0.002521419898550876 0 0 0 0 0 0 
y 0 0 0 0.005576626756523109 0 0 0 0 0 
y 0 0 0 0 0.04688897602407748 0 0 0 0 
y 0 0 0 0 0 0.0001042248106246727 0 0 0 
y 0 0 0 0 0 0 0.005659877219682277 0 0 
y 0 0 0 0 0 0 0 0.007610682345918315 0 
y 0 0 0 0 0 0 0 0 0.001587792670165623 
y 0.03138233061333234 0 0 0 0 0 0 0 0 
y 0 0.007095174394278191 0 0 0 0 0 0 0 
y 0 0 0.0008000399934590141 0 0 0 0 0 0 
y 0 0 0 0.02491548370634698 0 0 0 0 0 
y 0 0 0 0 0.3179219701736184 0 0 0 0 
y 0 0 0 0 0 2.905596243077573e-05 0 0 0 
y 0 0 0 0 0 0 0.001245013452456898 0 0 
y 0 0 0 0 0 0 0 0.02000026679006642 0 
y 0 0 0 0 0 0 0 0 0.001223945401133489 
y 0.0677032709748472 0 0 0 0 0 0 0 0 
y 0 0.005801977113286704 0 0 0 0 0 0 0 
y 0 0 5.413665898023582e-05 0 0 0 0 0 0 
y 0 0 0 0.0199493999568271 0 0 0 0 0 
y 0 0 0 0 2.634423285641161 0 0 0 0 
y 0 0 0 0 0 7.559094083892954e-06 0 0 0 
y 0 0 0 0 0 0 0.001637210700436806 0 0 
y 0 0 0 0 0 0 0 0.007442115121632413 0 
y 0 0 0 0 0 0 0 0 0.0001196590468590016 
y 0.0677032709748472 0 0 0 0 0 0 0 0 
y 0 0.005801977113286704 0 0 0 0 0 0 0 
y 0 0 5.413665898023582e-05 0 0 0 0 0 0 
y 0 0 0 0.0199493999568271 0 0 0 0 0 
y 0 0 0 0 2.634423285641161 0 0 0 0 
y 0 0 0 0 0 7.559094083892954e-06 0 0 0 
y 0 0 0 0 0 0 0.001637210700436806 0 0 
y 0 0 0 0 0 0 0 0.007442115121632413 0 
y 0 0 0 0 0 0 0 0 0.0001196590468590016 
y 0.0399738913916294 0 0 0 0 0 0 0 0 
y 0 0.006631331007953045 0 0 0 0 0 0 0 
y 0 0 1.549039068840377e-05 0 0 0 0 0 0 
y 0 0 0 0.01006493550000677 0 0 0 0 0 
y 0 0 0 0 0.424098891172385 0 0 0 0 
y 0 0 0 0 0 5.681720877972201e-09 0 0 0 
y 0 0 0 0 0 0 0.0004267209428391577 0 0 
y 0 0 0 0 0 0 0 0.000276176098917407 0 
y 0 0 0 0 0 0 0 0 5.819840911366732e-05 
y 2.220446049250313e-16 0 0 0 0 0 0 0 0 
y 0 2.220446049250313e-16 0 0 0 0 0 0 0 
y 0 0 2.220446049250313e-16 0 0 0 0 0 0 
y 0 0 0 2.220446049250313e-16 0 0 0 0 0 
y 0 0 0 0 2.220446049250313e-16 0 0 0 0 
y 0 0 0 0 0 2.220446049250313e-16 0 0 0 
y 0 0 0 0 0 0 2.220446049250313e-16 0 0 
y 0 0 0 0 0 0 0 2.220446049250313e-16 0 
y 0 0 0 0 0 0 0 0 2.220446049250313e-16 
y 0.05982306426294786 0 0 0 0 0 0 0 0 
y 0 0.01674115697494991 0 0 0 0 0 0 0 
y 0 0 3.765378424460945e-05 0 0 0 0 0 0 
y 0 0 0 0.02603077980390617 0 0 0 0 0 
y 0 0 0 0 3.018164546531433 0 0 0 0 
y 0 0 0 0 0 2.0849054315992e-08 0 0 0 
y 0 0 0 0 0 0 0.0002334163856971195 0 0 
y 0 0 0 0 0 0 0 0.0001920559571563042 0 
y 0 0 0 0 0 0 0 0 0.0001575133677611267 
y 0.05982306426294786 0 0 0 0 0 0 0 0 
y 0 0.01674115697494991 0 0 0 0 0 0 0 
y 0 0 3.765378424460945e-05 0 0 0 0 0 0 
y 0 0 0 0.02603077980390617 0 0 0 0 0 
y 0 0 0 0 3.018164546531433 0 0 0 0 
y 0 0 0 0 0 2.0849054315992e-08 0 0 0 
y 0 0 0 0 0 0 0.0002334163856971195 0 0 
y 0 0 0 0 0 0 0 0.0001920559571563042 0 
y 0 0 0 0 0 0 0 0 0.0001575133677611267 
y 0.2658623186535344 0 0 0 0 0 0 0 0 
y 0 0.009628102884732186 0 0 0 0 0 0 0 
y 0 0 0.0042153039109785 0 0 0 0 0 0 
y 0 0 0 0.1175741608035541 0 0 0 0 0 
y 0 0 0 0 4.972779157139194 0 0 0 0 
y 0 0 0 0 0 0.0003662700502650661 0 0 0 
y 0 0 0 0 0 0 0.02778884295673745 0 0 
y 0 0 0 0 0 0 0 0.0223163519940742 0 
y 0 0 0 0 0 0 0 0 0.01079687885567575 
y 0.2658623186535344 0 0 0 0 0 0 0 0 
y 0 0.009628102884732186 0 0 0 0 0 0 0 
y 0 0 0.0042153039109785 0 0 0 0 0 0 
y 0 0 0 0.1175741608035541 0 0 0 0 0 
y 0 0 0 0 4.972779157139194 0 0 0 0 
y 0 0 0 0 0 0.0003662700502650661 0 0 0 
y 0 0 0 0 0 0 0.02778884295673745 0 0 
y 0 0 0 0 0 0 0 0.0223163519940742 0 
y 0 0 0 0 0 0 0 0 0.01079687885567575 
y 0.002540487798453839 0 0 0 0 0 0 0 0 
y 0 0.0001542590429695068 0 0 0 0 0 0 0 
y 0 0 6.383024604185092e-05 0 0 0 0 0 0 
y 0 0 0 0.000229880295711693 0 0 0 0 0 
y 0 0 0 0 0.0008075628880195307 0 0 0 0 
y 0 0 0 0 0 2.779925372398129e-06 0 0 0 
y 0 0 0 0 0 0 0.0007698571976604285 0 0 
y 0 0 0 0 0 0 0 0.001031026521072842 0 
y 0 0 0 0 0 0 0 0 0.0002553209841674037 
y 2.220446049250313e-16 0 0 0 0 0 0 0 0 
y 0 2.220446049250313e-16 0 0 0 0 0 0 0 
y 0 0 2.220446049250313e-16 0 0 0 0 0 0 
y 0 0 0 2.220446049250313e-16 0 0 0 0 0 
y 0 0 0 0 2.220446049250313e-16 0 0 0 0 
y 0 0 0 0 0 2.220446049250313e-16 0 0 0 
y 0 0 0 0 0 0 2.220446049250313e-16 0 0 
y 0 0 0 0 0 0 0 2.220446049250313e-16 0 
y 0 0 0 0 0 0 0 0 2.220446049250313e-16 
y 0.1430309868102928 0 0 0 0 0 0 0 0 
y 0 0.0175887447193135 0 0 0 0 0 0 0 
y 0 0 3.267288860100631e-05 0 0 0 0 0 0 
y 0 0 0 0.09021666702218012 0 0 0 0 0 
y 0 0 0 0 2.932835538959389 0 0 0 0 
y 0 0 0 0 0 3.843088298195475e-10 0 0 0 
y 0 0 0 0 0 0 0.00194114123821542 0 0 
y 0 0 0 0 0 0 0 0.001260433287468517 0 
y 0 0 0 0 0 0 0 0 1.673544250303724e-05 
y 0.04838299066267754 0 0 0 0 0 0 0 0 
y 0 0.006203601480930389 0 0 0 0 0 0 0 
y 0 0 1.921767102965653e-06 0 0 0 0 0 0 
y 0 0 0 0.008037921113212948 0 0 0 0 0 
y 0 0 0 0 0.3956513249951829 0 0 0 0 
y 0 0 0 0 0 4.546197924418247e-11 0 0 0 
y 0 0 0 0 0 0 0.0002162291623541677 0 0 
y 0 0 0 0 0 0 0 0.0006811126569035814 0 
y 0 0 0 0 0 0 0 0 7.687068408673165e-06 
